Z_ges = (50+41.13i) Ohm
i_L = (0.35785-0.29437i) A
u_L = (20.6058+25.0496i) V
u_1 = (9.39417-25.0496i) V
i_R = (0.031741-0.32611i) A
i_C = (0.32611+0.031741i) A
u_RC = (3.17415-32.6111i) V
u_x = (6.22+7.5614i) V
i_x = (0.35785-0.29437i) A