node voltages:
U_n1 = -0.80808V
U_n2 = -2.4242V
U_n3 = 2.5758V
 
voltages:
U_R1 = 2.5758V
U_R2 = -2.4242V
U_R3 = -1.6162V
U_R4 = 1.6162V
U_R5 = 3.3838V
U_s1 = -0.80808V
 
currents:
I_R1 = 0.25758A
I_R2 = -0.48485A
I_R3 = -0.20202A
I_R4 = 0.13468A
I_R5 = 0.56397A
I_s2 = -0.82155A
I_s1 = -0.22727A
