Is3 =

   20.2916
